(size)			1.5
(speed)			0.0005

(number of guns)	19
(gun :		x		y		size	angle	fire_type	health)
			 0.0	-0.8	.2		0		4			10000
			 0.1	-0.7	.2		10		7			10000
			 0.1	-0.5	.2		20		3			2000
			 0.1	-0.3	.2		30		5			1000
			 0.1	-0.1	.2		40		3			1000
			 0.1	 0.1	.2		50		5			1000
			 0.1	 0.3	.2		60		3			1000
			 0.1	 0.5	.2		70		5			1000
			 0.1	 0.7	.2		80		7			1000
			 0.22	 0.4	.2		0		7			5000
			-0.1	-0.7	.2		-15		7			10000
			-0.1	-0.5	.2		-20		3			2000
			-0.1	-0.3	.2		-30		5			1000
			-0.1	-0.1	.2		-40		3			1000
			-0.1	 0.1	.2		-50		5			1000
			-0.1	 0.3	.2		-60		3			1000
			-0.1	 0.5	.2		-70		5			1000
			-0.1	 0.7	.2		-80		7			1000
			-0.22	 0.4	.2		-0		7			5000


(number of states)	12
(state :	x		y		angle	duration	gun flag)
			 0.1	 0.7	180		4			1  1 1 0 1 0 1 0 1 1  1 1 0 1 0 1 0 1 1
			-0.1	 0.7	180		4			0  1 1 0 1 0 1 0 1 0  1 1 0 1 0 1 0 1 0
			 0.1	 0.5	180		4			0  1 1 0 1 0 1 0 0 0  1 1 0 1 0 1 0 0 0
			 0.1	 0.5	180		4			0  1 1 0 1 0 0 0 0 0  1 1 0 1 0 0 0 0 0
			 0.1	 0.5	180		4			1  1 1 0 0 0 0 0 0 0  1 1 0 0 0 0 0 0 0
			-0.1	 0.5	180		4			0  1 0 0 0 0 0 0 0 1  1 0 0 0 0 0 0 0 1
			-0.1	 0.5	180		6			0  0 0 0 0 0 0 0 0 1  0 0 0 0 0 0 0 0 1
			-0.1	 0.5	180		4			1  0 0 0 0 0 0 1 0 0  0 0 0 0 0 0 1 0 0
			-0.1	 0.5	180		4			0  0 0 0 0 1 0 1 0 1  0 0 0 0 1 0 1 0 1
			-0.1	 0.5	180		4			0  0 0 1 0 1 0 1 0 1  0 0 1 0 1 0 1 0 1
			 0.1	 0.2	180		4			1  0 0 1 0 1 0 1 0 0  0 0 1 0 1 0 1 0 0
			-0.1	 0.2	180		6			0  1 0 0 0 0 0 0 0 0  1 0 0 0 0 0 0 0 0
			 

(texture				mask)
boss5.bmp				boss5_mask.bmp