(size)			0.5
(speed)			0.02

(number of guns)	8
(gun :		x		y		size	angle	fire_type	health)
			 0.0	-0.2	.2		0		1			1000
			 0.0	-0.2	.2		45		1			600
			 0.0	-0.2	.2		90		1			400
			 0.0	-0.2	.2		135		1			400
			 0.0	-0.2	.2		180		1			500
			 0.0	-0.2	.2		-135	1			400
			 0.0	-0.2	.2		-90		1			400
			 0.0	-0.2	.2		-45		1			600


(number of states)	9
(state :	x		y		angle	duration	gun flag)
			 0.0	 0.0	180		2			1 1 1 1 1 1 1 1
			 0.0	 1.0	180		1			0 0 0 1 1 1 0 0
			-1.0	 1.0	180		1			1 0 0 0 0 0 0 0
			-0.5	 0.0	180		1			0 1 1 1 0 0 0 0
			-1.0	-1.0	180		1			1 0 0 0 0 0 0 0
			 1.0	-1.0	180		1			1 0 0 0 0 0 0 0
			 0.5	 0.0	180		1			0 0 0 0 0 1 1 1
			 1.0	 1.0	180		1			1 0 0 0 0 0 0 0
			 0.0	-1.0	180		1			0 0 0 1 1 1 0 0
			 

(texture				mask)
boss4.bmp				boss4_mask.bmp