(background textures)
0
3
bg1.0.bmp
bg1.1.bmp
bg1.2.bmp

(music)
level1.wav

(total time for level		number of entry)
120					40

(time of arrival	plane type	fire type	guns		x	y	angle	rotation	powerup type)
	5				1		0		1 0 0 0 0 0	 0.9	1.2	180	0		0
	8				1		0		1 0 0 0 0 0	-0.9	1.2	180	0		0
	12				1		0		1 0 0 0 0 0	-0.1	1.2	180	0		0
	16				1		0		1 0 0 0 0 0	 0.5	1.2	180	0		0
	20				1		0		1 0 0 0 0 0	 0.0	1.2	180	0		0
	20				1		1		1 0 0 0 0 0	-0.1	1.2	180	0		0
	21				1		0		1 0 0 0 0 0	-0.1	1.2	180	0		11
	22				3		5		1 0 0 0 0 0	 0.9	1.2	180	.1		0
	22				1		0		1 0 0 0 0 0	 0.9	1.2	180	0		0
	24				1		0		1 0 0 0 0 0	 0.2	1.2	180	0		0
	27				1		1		1 0 0 0 0 0	-0.9	1.2	180	0		0
	30				1		0		1 0 0 0 0 0	 0.3	1.2	180	0		0
	31				1		0		1 0 0 0 0 0	 0.5	1.2	180	0		0
	32				1		0		1 0 0 0 0 0	-0.1	1.2	180	0		0
	33				1		0		1 0 0 0 0 0	-0.1	1.2	180	0		0
	37				1		1		1 0 0 0 0 0	 0.2	1.2	180	0		21
	40				1		0		1 0 0 0 0 0	 0.3	1.2	180	0		0
	42				3		5		1 0 0 0 0 0	 0.9	1.2	180	.1		0
	45				1		0		1 0 0 0 0 0	-0.2	1.2	180	0		0
	47				3		5		1 0 0 0 0 0	 0.3	1.2	180	.1		0
	47				3		5		1 0 0 0 0 0	 0.1	1.2	180	.1		0
	50				1		0		1 0 0 0 0 0	-0.9	1.2	180	0		0
	60				1		1		1 0 0 0 0 0	 0.9	1.2	180	0		1
	62				3		5		1 0 0 0 0 0	-0.4	1.2	180	.1		0
	64				3		5		1 0 0 0 0 0	 0.1	1.2	180	.1		0
	66				3		5		1 0 0 0 0 0	-0.2	1.2	180	.1		0
	68				3		5		1 0 0 0 0 0	 0.3	1.2	180	.1		0
	70				1		0		1 0 0 0 0 0	 0.1	1.2	180	0		0
	72				3		5		1 0 0 0 0 0	 0.0	1.2	180	.1		0
	75				1		0		1 0 0 0 0 0	 0.1	1.2	180	0		0
	80				1		1		1 0 0 0 0 0	 0.0	1.2	180	0		0
	90				1		0		1 0 0 0 0 0	-0.4	1.2	180	0		0
	92				1		0		1 1 0 0 0 0	 0.0	1.2	180	0		15
	95				3		5		1 0 0 0 0 0	 0.7	1.2	180	.1		0
	100				1		0		1 0 0 0 0 0	-0.5	1.2	180	0		0
	104				1		0		1 1 0 0 0 0	 0.9	1.2	180	0		0
	105				1		0		1 0 0 0 0 0	-0.9	1.2	180	0		0
	110				1		1		1 1 0 0 0 0	-0.2	1.2	180	0		21
	115				1		0		1 0 0 0 0 0	-0.5	1.2	180	0		0