(background textures)
4
bg2.0.bmp
bg2.1.bmp
bg2.2.bmp
bg2.3.bmp
1
bg2.4.bmp

(music)
level2.wav

(total time for level		number of entry)
120					51

(time of arrival	plane type	fire type	guns		x	y	angle	rotation	powerup type)
5			1		0		1 0 0 0 0 0	 0.9	1.2	180	0		0
8			1		0		1 0 0 0 0 0	-0.9	1.2	180	0		0
8			2		6		1 0 0 0 0 0	 0.0	1.2	180	3		0
15			2		6		0 0 0 1 0 0	-0.3	1.2	180	3		26
15			2		6		0 0 0 1 0 0	 0.3	1.2	180	3		17
17			2		6		1 0 0 0 0 0	 0.0	1.2	180	3		0
20			2		6		0 0 0 1 0 0	 0.3	1.2	180	3		0
27			2		6		1 0 0 0 0 0	 0.0	1.2	180	3		0
29			1		0		1 0 0 0 0 0	-0.2	1.2	180	0		21
35			2		6		0 0 0 1 0 0	 0.3	1.2	180	3		5
37			2		6		1 0 0 0 0 0	 0.0	1.2	180	3		0
37			2		6		0 0 0 1 0 0	 0.3	1.2	180	3		0
45			2		6		1 0 0 0 0 0	 0.0	1.2	180	3		0
50			1		0		1 0 0 0 0 0	-0.9	1.2	180	0		0
52			3		5		1 0 0 0 0 0	-0.4	1.2	180	.1		0
53			3		5		1 0 0 0 0 0	-0.2	1.2	180	.1		0
54			3		5		1 0 0 0 0 0	-0.1	1.2	180	.1		0
55			3		5		1 0 0 0 0 0	-0.0	1.2	180	.1		0
56			3		5		1 0 0 0 0 0	 0.3	1.2	180	.1		0
57			3		5		1 0 0 0 0 0	-0.3	1.2	180	.1		0
58			3		5		1 0 0 0 0 0	 0.4	1.2	180	.1		0
58			2		1		1 0 1 1 0 0	 0.0	1.2	180	3		0
59			3		5		1 0 0 0 0 0	 0.6	1.2	180	.1		0
59			3		5		1 0 0 0 0 0	 0.7	1.2	180	.1		0
60			3		5		1 0 0 0 0 0	 0.8	1.2	180	.1		0
63			2		1		1 0 0 0 0 0	 0.0	1.2	180	3		0
64			2		1		1 0 0 0 0 0	-0.1	1.2	180	3		0
65			2		1		1 0 1 1 0 0	 0.3	1.2	180	3		0
66			2		1		1 0 1 0 0 0	-0.4	1.2	180	3		0
68			2		1		1 0 1 0 0 0	 0.7	1.2	180	3		0
70			2		1		1 0 0 0 0 0	-0.8	1.2	180	3		0
70			1		1		1 0 0 0 0 0	 0.9	1.2	180	0		1
70			1		0		1 0 0 0 0 0	 0.1	1.2	180	0		0
75			1		0		1 0 0 0 0 0	 0.1	1.2	180	0		0
80			1		1		1 0 0 0 0 0	 0.2	1.2	180	0		0
82			1		1		1 0 0 1 0 0	 0.1	1.2	180	0		8
83			1		1		1 1 1 1 1 1	 0.0	1.2	180	0		0
84			1		1		1 0 0 1 0 0	 0.1	1.2	180	0		0
85			1		1		1 0 0 0 0 0	 0.2	1.2	180	0		0
90			1		0		1 0 0 0 0 0	-0.4	1.2	180	0		0
92			1		0		1 1 0 0 0 0	 0.0	1.2	180	0		11
98			2		6		1 0 0 0 0 0	 0.0	1.2	180	3		0
105			2		6		0 0 0 1 0 0	-0.3	1.2	180	3		0
105			2		6		0 0 0 1 0 0	 0.3	1.2	180	3		15
107			2		6		1 0 0 0 0 0	 0.0	1.2	180	3		0
110			2		6		0 0 0 1 0 0	 0.3	1.2	180	3		0
110			2		6		1 0 0 0 0 0	 0.0	1.2	180	3		0
112			2		1		0 0 0 1 0 0	 0.3	1.2	180	3		26
115			2		1		1 0 0 0 0 0	 0.0	1.2	180	3		0
117			2		1		1 0 0 1 0 0	 0.1	1.2	180	3		0
119			2		1		1 0 0 0 0 0	-0.1	1.2	180	3		9
