(background textures)
0
2
bg3.0.bmp
bg3.1.bmp

(music)
level3.wav

(total time for level		number of entry)
150							81

(time of arrival	plane type	fire type	guns			x		y		angle	rotation	powerup type)
	3					1			1		1 0 0 0 0 0		 0.9	1.2		180			0		0
	5					1			1		1 0 1 0 0 0		 0.5	1.2		180			0		0
	5					1			1		1 0 0 0 0 0		-0.5	1.2		180			0		0
	10					1			1		1 0 0 0 0 0		 0.0	1.2		180			0		0
	10					1			1		1 0 0 0 0 0		 0.2	1.2		180			0		0
	10					1			1		1 0 0 0 0 0		-0.2	1.2		180			0		0
	11					1			1		1 0 0 0 0 0		 0.6	1.2		180			0		0
	11					1			1		1 0 0 0 0 0		-0.6	1.2		180			0		0
	15					4			5		0 1 0 0 0 0		 0.0	1.2		180			3		0
	15					3			0		0 0 0 0 0 0		-0.6	1.2		180			1		0
	20					2			1		0 1 0 0 0 0		 0.5	1.2		180			3		0
	20					3			0		0 0 0 0 0 0		-0.9	1.2		180			1		0
	21					2			1		0 1 0 0 0 0		 0.2	1.2		180			3		0
	21					3			0		0 0 0 0 0 0		-0.7	1.2		180			1		8
	21					2			1		0 1 0 0 0 0		 0.2	1.2		180			3		0
	21					3			0		0 0 0 0 0 0		-0.7	1.2		180			1		0
	21					2			1		0 1 0 0 0 0		-0.2	1.2		180			3		0
	21					3			0		0 0 0 0 0 0		 0.5	1.2		180			1		0
	21					2			1		0 1 0 0 0 0		 0.0	1.2		180			3		0
	21					3			0		0 0 0 0 0 0		 0.9	1.2		180			1		0
	21					2			1		0 1 0 0 0 0		-0.8	1.2		180			3		0
	21					3			0		0 0 0 0 0 0		-0.0	1.2		180			1		0
	42					6			2		1 0 0 0 0 0		-0.5	1.2		180			0		0
	42					6			2		1 0 0 0 0 0		 0.5	1.2		180			0		0
	45					6			2		1 0 0 0 0 0		-0.6	1.2		180			0		22
	45					6			2		1 0 0 0 0 0		 0.6	1.2		180			0		0
	48					6			2		1 0 0 0 0 0		-0.7	1.2		180			0		0
	48					6			2		1 0 0 0 0 0		 0.7	1.2		180			0		0
	55					3			0		0 0 0 0 0 0		 0.0	1.2		180			2		0
	55					5			6		1 1 1 1 1 1		 0.5	1.2		180			1		0
	56					3			0		0 0 0 0 0 0		 0.1	1.2		180			2		0
	56					5			6		1 1 1 1 1 1		 0.9	1.2		180			1		0
	57					3			0		0 0 0 0 0 0		-0.2	1.2		180			2		0
	57					5			6		1 1 1 1 1 1		 0.8	1.2		180			1		0
	58					3			0		0 0 0 0 0 0		 0.3	1.2		180			2		0
	58					5			6		1 1 1 1 1 1		 0.5	1.2		180			1		0
	58					3			0		0 0 0 0 0 0		 0.4	1.2		180			2		0
	59					5			6		1 1 1 1 1 1		-0.2	1.2		180			1		0
	59					3			0		0 0 0 0 0 0		 0.5	1.2		180			2		23
	59					5			6		1 1 1 1 1 1		 0.1	1.2		180			1		0
	59					3			0		0 0 0 0 0 0		 0.6	1.2		180			2		0
	61					5			6		1 1 1 1 1 1		-0.4	1.2		180			1		0
	62					3			0		0 0 0 0 0 0		 0.7	1.2		180			2		0
	63					5			6		1 1 1 1 1 1		-0.3	1.2		180			1		0
	65					3			0		0 0 0 0 0 0		 0.8	1.2		180			2		0
	65					5			6		1 1 1 1 1 1		 0.5	1.2		180			1		0
	83					1			1		1 0 0 0 0 0		 0.9	1.2		180			0		0
	85					1			1		1 0 1 0 0 0		 0.5	1.2		180			0		0
	85					1			1		1 0 0 0 0 0		-0.5	1.2		180			0		12
	90					1			1		1 0 0 0 0 0		 0.0	1.2		180			0		0
	90					1			1		1 0 0 0 0 0		 0.2	1.2		180			0		0
	90					1			1		1 0 0 0 0 0		-0.2	1.2		180			0		0
	91					1			1		1 0 0 0 0 0		 0.6	1.2		180			0		0
	91					1			1		1 0 0 0 0 0		-0.6	1.2		180			0		0
	112					6			2		1 0 0 0 0 0		-0.1	1.2		180			0		0
	112					6			2		1 0 0 0 0 0		 0.1	1.2		180			0		0
	115					6			2		1 0 0 0 0 0		-0.2	1.2		180			0		23
	115					6			2		1 0 0 0 0 0		 0.2	1.2		180			0		0
	118					6			2		1 0 0 0 0 0		-0.3	1.2		180			0		0
	118					6			2		1 0 0 0 0 0		 0.3	1.2		180			0		0
	121					6			2		1 0 0 0 0 0		-0.4	1.2		180			0		0
	121					6			2		1 0 0 0 0 0		 0.4	1.2		180			0		0
	124					6			2		1 0 0 0 0 0		-0.5	1.2		180			0		0
	124					6			2		1 0 0 0 0 0		 0.5	1.2		180			0		0
	127					6			2		1 0 0 0 0 0		-0.6	1.2		180			0		0
	127					6			2		1 0 0 0 0 0		 0.6	1.2		180			0		0
	130					6			2		1 0 0 0 0 0		-0.7	1.2		180			0		0
	130					6			2		1 0 0 0 0 0		 0.7	1.2		180			0		9
	133					6			2		1 0 0 0 0 0		-0.8	1.2		180			0		0
	133					6			2		1 0 0 0 0 0		 0.8	1.2		180			0		0
	135					6			2		1 0 0 0 0 0		-0.9	1.2		180			0		0
	135					6			2		1 0 0 0 0 0		 0.9	1.2		180			0		0
	140					6			2		1 0 0 0 0 0		 0.0	1.2		180			0		0
	140					6			2		1 0 0 0 0 0		 0.2	1.2		180			0		0
	140					6			2		1 0 0 0 0 0		-0.2	1.2		180			0		13
	142					6			2		1 0 0 0 0 0		 0.4	1.2		180			0		0
	142					6			2		1 0 0 0 0 0		-0.4	1.2		180			0		11
	144					6			2		1 0 0 0 0 0		 0.6	1.2		180			0		3
	144					6			2		1 0 0 0 0 0		-0.6	1.2		180			0		0
	146					6			2		1 0 0 0 0 0		 0.8	1.2		180			0		0
	146					6			2		1 0 0 0 0 0		-0.8	1.2		180			0		0
