(background textures)
0
1
bg2.4.bmp

(music)
level4.wav

(total time for level		number of entry)
130							125

(time of arrival	plane type	fire type	guns			x		y		angle	rotation	powerup type)
	3					8			6		1 0 0 1 0 0		 0.9	 1.2	180		-0.15		0
	4					8			6		1 0 0 1 0 0		 0.9	 1.2	180		-0.15		0
	5					8			6		1 0 0 1 0 0		 0.9	 1.2	180		-0.15		0
	6					8			6		1 0 0 1 0 0		 0.9	 1.2	180		-0.15		0
	7					8			6		1 0 0 1 0 0		 0.9	 1.2	180		-0.15		0
	7					8			6		1 0 0 1 0 0		-0.9	 1.2	180		 0.15		0
	8					8			6		1 0 0 1 0 0		-0.9	 1.2	180		 0.15		9
	9					8			6		1 0 0 1 0 0		-0.9	 1.2	180		 0.15		0
	10					8			6		1 0 0 1 0 0		-0.9	 1.2	180		 0.15		0
	11					8			6		1 0 0 1 0 0		-0.9	 1.2	180		 0.15		0
	11					8			6		1 0 0 1 0 0		-1.2	 0.0	0		-0.15		0
	12					8			6		1 0 0 1 0 0		-1.2	 0.0	0		-0.15		0
	13					8			6		1 0 0 1 0 0		-1.2	 0.0	0		-0.15		0
	14					8			6		1 0 0 1 0 0		-1.2	 0.0	0		-0.15		0
	15					8			6		1 0 0 1 0 0		-1.2	 0.0	0		-0.15		11
	16					8			6		1 0 0 1 0 0		-1.2	 0.0	0		-0.15		16
	17					8			6		1 0 0 1 0 0		-1.2	 0.0	0		-0.15		18
	18					8			6		1 0 0 1 0 0		-1.2	 0.0	0		-0.15		1
	19					8			6		1 0 0 1 0 0		-1.2	 0.0	0		-0.15		6
	20					8			6		1 0 0 1 0 0		-1.2	 0.0	0		-0.15		7
	21					8			6		1 0 0 1 0 0		 1.2	 0.0	0		 0.15		0
	22					8			6		1 0 0 1 0 0		 1.2	 0.0	0		 0.15		0
	23					8			6		1 0 0 1 0 0		 1.2	 0.0	0		 0.15		0
	24					8			6		1 0 0 1 0 0		 1.2	 0.0	0		 0.15		12
	25					8			6		1 0 0 1 0 0		 1.2	 0.0	0		 0.15		12
	26					8			6		1 0 0 1 0 0		 1.2	 0.0	0		 0.15		0
	27					8			6		1 0 0 1 0 0		 1.2	 0.0	0		 0.15		0
	28					8			6		1 0 0 1 0 0		 1.2	 0.0	0		 0.15		22
	29					8			6		1 0 0 1 0 0		 1.2	 0.0	0		 0.15		0
	30					8			6		1 0 0 1 0 0		 1.2	 0.0	0		 0.15		0
	37					2			6		0 0 0 1 0 0		 0.0	 1.2	180		 3.0		0
	45					2			6		1 0 0 0 0 0		 0.0	 1.2	180		 3.0		0
	46					1			3		1 0 0 0 0 0		-0.9	 1.2	180		 0.0		0
	46					1			6		1 0 0 0 0 0		-0.5	 1.2	180		 0.0		0
	46					1			6		1 0 0 0 0 0		 0.5	 1.2	180		 0.0		0
	46					1			3		1 0 0 0 0 0		 0.9	 1.2	180		 0.0		0
	46					3			5		1 0 0 0 0 0		-0.9	 1.2	180		 0.1		0
	46					3			5		1 0 0 0 0 0		 0.9	 1.2	180		-0.1		0
	48					5			6		1 0 0 0 0 0		-0.8	 1.2	180		 0.1		0
	48					5			6		1 0 0 0 0 0		 0.8	 1.2	180		-0.1		0
	49					4			7		1 0 0 0 0 0		-0.7	 1.2	180		 0.1		0
	49					4			7		1 0 0 0 0 0		 0.7	 1.2	180		-0.1		0
	50					5			6		1 0 0 0 0 0		-0.6	 1.2	180		 0.1		0
	50					5			6		1 0 0 0 0 0		 0.6	 1.2	180		-0.1		0
	51					4			7		1 0 0 0 0 0		-0.5	 1.2	180		 0.1		0
	51					4			7		1 0 0 0 0 0		 0.5	 1.2	180		-0.1		0
	52					5			6		1 0 0 0 0 0		-0.4	 1.2	180		 0.1		0
	52					5			6		1 0 0 0 0 0		 0.4	 1.2	180		-0.1		0
	53					4			7		1 0 0 0 0 0		-0.3	 1.2	180		 0.1		0
	53					4			7		1 0 0 0 0 0		 0.3	 1.2	180		-0.1		1
	54					5			6		1 0 0 0 0 0		-0.2	 1.2	180		 0.1		0
	54					5			6		1 0 0 0 0 0		 0.2	 1.2	180		-0.1		0
	55					4			7		1 0 0 0 0 0		-0.1	 1.2	180		 0.1		0
	55					4			7		1 0 0 0 0 0		 0.1	 1.2	180		-0.1		0
	56					5			6		1 0 0 0 0 0		 0.0	 1.2	180		 0.1		0
	57					2			6		1 0 0 0 0 0		 0.2	 1.2	180		 3.0		0
	57					2			6		1 0 0 0 0 0		-0.2	 1.2	180		 3.0		8
	58					2			6		1 0 0 0 0 0		 0.4	 1.2	180		 3.0		0
	58					2			6		1 0 0 0 0 0		-0.4	 1.2	180		 3.0		0
	59					2			6		1 0 0 0 0 0		 0.6	 1.2	180		 3.0		0
	59					2			6		1 0 0 0 0 0		-0.6	 1.2	180		 3.0		1
	60					2			6		1 0 0 0 0 0		 0.8	 1.2	180		 3.0		0
	60					2			6		1 0 0 0 0 0		-0.8	 1.2	180		 3.0		0
	63					8			6		1 0 0 1 0 0		 0.9	 1.2	180		-0.15		0
	64					8			6		1 0 0 1 0 0		 0.9	 1.2	180		-0.15		0
	65					8			6		1 0 0 1 0 0		 0.9	 1.2	180		-0.15		0
	66					8			6		1 0 0 1 0 0		 0.9	 1.2	180		-0.15		0
	67					8			6		1 0 0 1 0 0		 0.9	 1.2	180		-0.15		0
	67					8			6		1 0 0 1 0 0		-0.9	 1.2	180		 0.15		0
	68					8			6		1 0 0 1 0 0		-0.9	 1.2	180		 0.15		0
	69					8			6		1 0 0 1 0 0		-0.9	 1.2	180		 0.15		2
	70					8			6		1 0 0 1 0 0		-0.9	 1.2	180		 0.15		0
	71					8			6		1 0 0 1 0 0		-0.9	 1.2	180		 0.15		0
	73					8			6		1 0 0 1 0 0		 0.9	 1.2	180		-0.15		0
	74					8			6		1 0 0 1 0 0		 0.9	 1.2	180		-0.15		0
	75					8			6		1 0 0 1 0 0		 0.9	 1.2	180		-0.15		0
	76					8			6		1 0 0 1 0 0		 0.9	 1.2	180		-0.15		0
	77					8			6		1 0 0 1 0 0		 0.9	 1.2	180		-0.15		0
	77					8			6		1 0 0 1 0 0		-0.9	 1.2	180		 0.15		0
	78					8			6		1 0 0 1 0 0		-0.9	 1.2	180		 0.15		0
	79					8			6		1 0 0 1 0 0		-0.9	 1.2	180		 0.15		3
	80					8			6		1 0 0 1 0 0		-0.9	 1.2	180		 0.15		0
	81					8			6		1 0 0 1 0 0		-0.9	 1.2	180		 0.15		0
	82					8			6		1 0 0 1 0 0		 0.9	 1.2	180		-0.15		0
	83					8			6		1 0 0 1 0 0		 0.9	 1.2	180		-0.15		0
	84					8			6		1 0 0 1 0 0		 0.9	 1.2	180		-0.15		0
	85					8			6		1 0 0 1 0 0		 0.9	 1.2	180		-0.15		0
	86					8			6		1 0 0 1 0 0		 0.9	 1.2	180		-0.15		0
	87					8			6		1 0 0 1 0 0		-0.9	 1.2	180		 0.15		0
	88					8			6		1 0 0 1 0 0		-0.9	 1.2	180		 0.15		0
	89					8			6		1 0 0 1 0 0		-0.9	 1.2	180		 0.15		0
	90					8			6		1 0 0 1 0 0		-0.9	 1.2	180		 0.15		1
	91					8			6		1 0 0 1 0 0		-0.9	 1.2	180		 0.15		0
	95					1			3		1 0 0 0 0 0		-0.9	 1.2	180		 0.0		0
	95					1			7		1 0 0 0 0 0		-0.5	 1.2	180		 0.0		0
	96					1			7		1 0 0 0 0 0		 0.5	 1.2	180		 0.0		0
	96					1			3		1 0 0 0 0 0		 0.9	 1.2	180		 0.0		0
	97					2			6		1 0 0 0 0 0		 0.2	 1.2	180		 3.0		17
	97					2			6		1 0 0 0 0 0		-0.2	 1.2	180		 3.0		0
	98					2			6		1 0 0 0 0 0		 0.4	 1.2	180		 3.0		0
	98					2			6		1 0 0 0 0 0		-0.4	 1.2	180		 3.0		0
	99					2			6		1 0 0 0 0 0		 0.6	 1.2	180		 3.0		0
	99					2			6		1 0 0 0 0 0		-0.6	 1.2	180		 3.0		0
	100					2			6		1 0 0 0 0 0		 0.8	 1.2	180		 3.0		0
	100					2			6		1 0 0 0 0 0		-0.8	 1.2	180		 3.0		0
	101					8			6		1 0 0 1 0 0		-1.2	 0.0	0		-0.15		0
	102					8			6		1 0 0 1 0 0		-1.2	 0.0	0		-0.15		0
	103					8			6		1 0 0 1 0 0		-1.2	 0.0	0		-0.15		0
	104					8			6		1 0 0 1 0 0		-1.2	 0.0	0		-0.15		0
	105					8			6		1 0 0 1 0 0		-1.2	 0.0	0		-0.15		11
	106					8			6		1 0 0 1 0 0		-1.2	 0.0	0		-0.15		0
	107					8			6		1 0 0 1 0 0		-1.2	 0.0	0		-0.15		0
	108					8			6		1 0 0 1 0 0		-1.2	 0.0	0		-0.15		1
	109					8			6		1 0 0 1 0 0		-1.2	 0.0	0		-0.15		0
	110					8			6		1 0 0 1 0 0		-1.2	 0.0	0		-0.15		7
	111					8			6		1 0 0 1 0 0		 1.2	 0.0	0		 0.15		0
	112					8			6		1 0 0 1 0 0		 1.2	 0.0	0		 0.15		0
	113					8			6		1 0 0 1 0 0		 1.2	 0.0	0		 0.15		0
	114					8			6		1 0 0 1 0 0		 1.2	 0.0	0		 0.15		12
	115					8			6		1 0 0 1 0 0		 1.2	 0.0	0		 0.15		12
	116					8			6		1 0 0 1 0 0		 1.2	 0.0	0		 0.15		0
	117					8			6		1 0 0 1 0 0		 1.2	 0.0	0		 0.15		0
	118					8			6		1 0 0 1 0 0		 1.2	 0.0	0		 0.15		24
	119					8			6		1 0 0 1 0 0		 1.2	 0.0	0		 0.15		0
	120					8			6		1 0 0 1 0 0		 1.2	 0.0	0		 0.15		3
