(background textures)
3
bg4.0.bmp
bg4.1.bmp
bg4.2.bmp
2
bg4.3.bmp
bg4.2.bmp

(music)
level5.wav

(total time for level		number of entry)
120							87

(time of arrival	plane type	fire type	guns			x		y		angle	rotation	powerup type)
	3				7			5			1 0 0 0 0 0		 0.0	-1.2	0		 0.00		24
	3				8			6			1 0 0 1 0 0		 0.9	 1.2	180		-0.15		0
	4				8			6			1 0 0 1 0 0		 0.9	 1.2	180		-0.15		0
	5				8			6			1 0 0 1 0 0		 0.9	 1.2	180		-0.15		0
	6				8			6			1 0 0 1 0 0		 0.9	 1.2	180		-0.15		0
	7				8			6			1 0 0 1 0 0		 0.9	 1.2	180		-0.15		17
	7				8			6			1 0 0 1 0 0		-0.9	 1.2	180		 0.15		0
	8				8			6			1 0 0 1 0 0		-0.9	 1.2	180		 0.15		0
	9				8			6			1 0 0 1 0 0		-0.9	 1.2	180		 0.15		0
	10				8			6			1 0 0 1 0 0		-0.9	 1.2	180		 0.15		0
	11				8			6			1 0 0 1 0 0		-0.9	 1.2	180		 0.15		0
	12				7			5			1 0 0 0 0 0		 0.5	-1.2	0		 0.01		0
	12				7			5			1 0 0 0 0 0		-0.5	-1.2	0		-0.01		0
	12				9			3			1 0 0 0 0 0		 0.0	 1.2	180		-0.00		0
	15				9			3			1 0 0 0 0 0		 0.5	 1.2	180		-0.01		4
	15				9			3			1 0 0 0 0 0		-0.5	 1.2	180		 0.01		0
	20				9			3			1 0 0 0 0 0		 0.7	 1.2	180		 0.01		0
	20				9			3			1 0 0 0 0 0		-0.7	 1.2	180		-0.01		3
	25				9			3			1 0 0 0 0 0		 0.0	 1.2	180		-0.00		0
	33				8			6			1 0 0 1 0 0		 0.9	 1.2	180		-0.15		0
	34				8			6			1 0 0 1 0 0		 0.9	 1.2	180		-0.15		0
	35				8			6			1 0 0 1 0 0		 0.9	 1.2	180		-0.15		0
	36				8			6			1 0 0 1 0 0		 0.9	 1.2	180		-0.15		0
	37				8			6			1 0 0 1 0 0		 0.9	 1.2	180		-0.15		0
	37				8			6			1 0 0 1 0 0		-0.9	 1.2	180		 0.15		0
	38				8			6			1 0 0 1 0 0		-0.9	 1.2	180		 0.15		0
	39				8			6			1 0 0 1 0 0		-0.9	 1.2	180		 0.15		15
	40				8			6			1 0 0 1 0 0		-0.9	 1.2	180		 0.15		0
	41				8			6			1 0 0 1 0 0		-0.9	 1.2	180		 0.15		0
	42				9			3			1 0 0 0 0 0		 0.7	 1.2	180		 0.01		0
	42				9			3			1 0 0 0 0 0		-0.7	 1.2	180		-0.01		0
	49				1			1			1 0 0 0 0 0		-0.0	-1.2	0		-0.00		4
	50				1			1			1 0 0 0 0 0		 0.1	-1.2	0		-0.00		0
	51				1			1			1 0 0 0 0 0		-0.1	-1.2	0		-0.00		0
	52				1			1			1 0 0 0 0 0		 0.2	-1.2	0		-0.00		0
	53				8			1			1 0 0 0 0 0		-0.2	-1.2	0		-0.00		0
	54				8			1			1 0 0 0 0 0		 0.3	-1.2	0		-0.00		0
	55				8			1			1 0 0 0 0 0		-0.3	-1.2	0		-0.00		0
	56				8			1			1 0 0 0 0 0		 0.4	-1.2	0		-0.00		0
	57				8			1			1 0 0 0 0 0		-0.4	-1.2	0		-0.00		3
	58				8			1			1 0 0 0 0 0		 0.5	-1.2	0		-0.00		0
	58				8			6			1 0 0 1 0 0		 0.9	 1.2	180		-0.15		0
	59				8			1			1 0 0 0 0 0		-0.5	-1.2	0		-0.00		0
	59				8			6			1 0 0 1 0 0		 0.9	 1.2	180		-0.15		0
	60				8			1			1 0 0 0 0 0		 0.6	-1.2	0		-0.00		0
	60				8			6			1 0 0 1 0 0		 0.9	 1.2	180		-0.15		0
	61				8			1			1 0 0 0 0 0		-0.6	-1.2	0		-0.00		10
	61				8			6			1 0 0 1 0 0		 0.9	 1.2	180		-0.15		0
	62				8			1			1 0 0 0 0 0		 0.7	-1.2	0		-0.00		0
	62				8			6			1 0 0 1 0 0		 0.9	 1.2	180		-0.15		17
	63				8			1			1 0 0 0 0 0		-0.7	-1.2	0		-0.00		0
	64				8			1			1 0 0 0 0 0		 0.8	-1.2	0		-0.00		0
	65				8			1			1 0 0 0 0 0		-0.8	-1.2	0		-0.00		0
	66				8			1			1 0 0 0 0 0		 0.9	-1.2	0		-0.00		0
	67				8			1			1 0 0 0 0 0		-0.9	-1.2	0		-0.00		0
	68				8			1			1 0 0 0 0 0		 1.0	-1.2	0		-0.00		0
	69				8			1			1 0 0 0 0 0		-1.0	-1.2	0		-0.00		4
	75				7			5			1 0 0 0 0 0		 0.0	 1.2	180		 0.03		0
	75				7			5			1 0 0 0 0 0		 0.0	 1.2	180		-0.03		0
	76				7			5			1 0 0 0 0 0		 0.0	 1.2	180		 0.03		0
	76				7			5			1 0 0 0 0 0		 0.0	 1.2	180		-0.03		1
	77				7			5			1 0 0 0 0 0		 0.0	 1.2	180		 0.03		0
	77				7			5			1 0 0 0 0 0		 0.0	 1.2	180		-0.03		0
	78				7			5			1 0 0 0 0 0		 0.0	 1.2	180		 0.03		0
	78				7			5			1 0 0 0 0 0		 0.0	 1.2	180		-0.03		9
	79				7			5			1 0 0 0 0 0		 0.0	 1.2	180		 0.03		0
	79				7			5			1 0 0 0 0 0		 0.0	 1.2	180		-0.03		0
	80				7			5			1 0 0 0 0 0		 0.0	 1.2	180		 0.03		0
	80				7			5			1 0 0 0 0 0		 0.0	 1.2	180		-0.03		0
	82				9			3			1 0 0 0 0 0		 0.0	 1.2	180		-0.00		15
	85				9			3			1 0 0 0 0 0		 0.5	 1.2	180		-0.01		16
	85				9			3			1 0 0 0 0 0		-0.5	 1.2	180		 0.01		17
	90				9			3			1 0 0 0 0 0		 0.7	 1.2	180		 0.01		18
	90				9			3			1 0 0 0 0 0		-0.7	 1.2	180		-0.01		19
	95				9			3			1 0 0 0 0 0		 0.0	 1.2	180		-0.00		14
	103				8			6			1 0 0 1 0 0		 0.9	 1.2	180		-0.15		0
	104				8			6			1 0 0 1 0 0		 0.9	 1.2	180		-0.15		0
	105				8			6			1 0 0 1 0 0		 0.9	 1.2	180		-0.15		0
	106				8			6			1 0 0 1 0 0		 0.9	 1.2	180		-0.15		0
	107				8			6			1 0 0 1 0 0		 0.9	 1.2	180		-0.15		17
	107				8			6			1 0 0 1 0 0		-0.9	 1.2	180		 0.15		0
	108				8			6			1 0 0 1 0 0		-0.9	 1.2	180		 0.15		0
	109				8			6			1 0 0 1 0 0		-0.9	 1.2	180		 0.15		0
	110				8			6			1 0 0 1 0 0		-0.9	 1.2	180		 0.15		0
	111				8			6			1 0 0 1 0 0		-0.9	 1.2	180		 0.15		0
	115				9			3			1 0 0 0 0 0		 0.7	 1.2	180		 0.01		24
	115				9			3			1 0 0 0 0 0		-0.7	 1.2	180		-0.01		6